0.29617
1.2008
1.0902
-0.3587
-0.12993
0.73374
0.12033
1.1363
-0.68677
0.47168
0.28834
1.3919
-1.3455
0.00074741
0.053495
-2.3419
1.2481
2.8092
-0.23218
0.28703
-0.4646
0.38432
-0.37983
-0.10178
1.6182
-0.84723
-0.57588
-0.075913
-0.13247
1.4393
2.0313
-0.9782
-0.64102
0.52048
-0.3807
1.9929
1.6359
0.55902
0.56364
-0.3384
0.76365
1.1274
0.14157
1.9281
0.67064
-0.11011
0.37096
1.0966
-0.39816
-0.085463
2.3733
-0.47392
0.94634
0.81816
1.589
0.52601
-2.4652
-0.85253
0.51174
0.25777
1.9624
1.4063
0.49683
0.082831
-1.5485
1.8632
0.13403
-1.546
0.43328
0.10295
-0.57035
0.49306
-0.70751
-1.348
-1.7543
-0.36381
-0.62709
0.44015
-1.5026
-0.20824
-1.5051
1.8097
-0.11697
1.2262
0.49494
0.90859
-1.1542
1.2576
1.4525
-2.0768
-0.17649
-0.65208
0.15653
-0.85023
0.27905
0.59709
0.24472
-0.11835
-1.2894
0.057564
-0.52093
-1.279
-0.056227
-0.20968
0.1921
0.99233
0.57624
1.3058
-0.72931
-0.86457
-0.094921
1.3832
1.3037
-0.12581
-0.59687
-1.5206
0.67184
0.022844
-1.1778
-0.33458
-1.8295
0.42999
-0.17399
1.6312
-1.3594
0.97051
0.14364
0.082604
0.71666
1.1935
-1.0711
1.3189
-1.21
-1.0741
-0.67256
0.73646
-1.07
0.33472
0.41188
0.15412
0.55457
-1.1728
1.0076
0.11352
0.73005
-0.98351
0.052032
0.8776
1.0141
-0.084348
-1.8535
-1.0968
0.21863
0.79425
0.46312
-0.61263
2.2444
0.072348
0.86551
-0.4157
-1.1149
0.68525
1.0377
1.8222
-0.52899
-1.628
1.6173
0.26414
-1.1271
-0.55918
-0.80885
1.161
0.59211
0.24275
0.24048
-0.8215
0.99311
0.34639
-0.26113
-0.18471
-0.10173
-0.88704
0.74138
1.3922
2.4739
0.50392
-0.82248
0.20098
-1.0071
-0.61317
-0.65896
-0.83323
0.37818
-1.1153
0.66724
0.79533
1.0375
-0.020431
0.61895
1.8031
0.052993
-0.17789
1.7725
-2.5088
-0.45659
2.4304
-0.47145
-0.56033
-1.2265
0.79295
-2.1099
-0.7994
0.56698
-0.0014429
0.62392
0.12644
0.68087
-1.2874
0.21808
-1.5666
0.78328
-0.31057
0.65532
-0.53747
0.32864
1.0541
-1.9797
-1.8674
-1.8324
0.84859
0.40519
-0.70246
1.499
0.13779
-1.5868
-1.0191
-1.3852
0.95489
-0.60112
-1.1719
-0.57711
-0.83643
0.85297
0.47733
0.30232
0.41578
0.042975
-0.94885
0.54161
-0.82113
-1.0719
-1.0741
0.86955
0.98105
-1.7588
-0.1481
0.25194
-0.61038
0.76098
0.25443
-0.15283
-0.55741
0.67702
0.8493
0.46931
-0.23978
0.92099
-0.90688
0.14444
1.3964
-0.1897
-0.84384
1.9434
-0.24692
0.44162
-0.80361
0.28761
0.46702
0.0045616
0.32609
1.2046
-1.4041
0.20556
-1.9912
0.028409
1.9305
0.94114
-0.0069245
-0.33824
0.52827
1.0569
0.014741
1.6148
-0.81585
-1.9978
-0.74819
-0.1993
-0.37276
-0.84737
1.3372
-1.6163
-0.49182
-0.9693
-0.47411
-0.66616
0.47837
-1.0411
-0.82066
0.10113
1.084
-1.8545
1.7998
-0.87837
0.64773
1.0496
1.3231
-0.51736
0.024315
-0.16237
-0.60566
0.27171
0.35864
-0.35232
0.13236
2.6736
-0.0075661
0.7103
-0.46254
-0.52788
-0.34579
0.56456
-0.80154
-1.8529
0.053216
-0.43642
0.28001
0.084606
0.72912
0.90075
-1.3256
-1.5246
0.50243
0.30639
-0.93916
1.2374
0.033012
0.12357
0.27394
0.75417
1.5245
-0.26198
-1.7307
1.0135
-0.92774
1.2437
-0.58949
1.4915
-0.80598
-1.1126
0.95694
-1.3631
0.68058
0.43782
-0.14327
-0.34153
2.0578
-0.37454
-0.1902
-0.93873
-0.81346
-0.58362
1.7095
-0.39042
-0.69007
-0.44822
0.71438
-1.3157
0.62712
-1.3313
-0.13085
-1.8269
0.53592
0.69286
-0.68755
0.31758
0.16284
1.1591
0.12839
1.0395
-0.11677
-0.6483
-0.037981
-0.19932
0.88167
-0.056144
-0.84124
-0.15484
1.1886
-0.41491
-0.65862
0.98399
0.10123
-0.36271
-0.73883
-1.4798
0.15337
-0.31702
0.31892
-1.4565
1.3218
0.4872
-1.5666
1.0571
-0.58758
0.30222
0.21946
-0.8782
-2.8614
0.53556
-0.34204
-0.59786
0.41891
-0.68968
0.67119
0.1509
-0.99132
0.83683
0.47451
1.2522
-0.89262
-0.89527
0.31333
0.66703
0.82812
0.0065093
-0.23589
0.65282
1.9645
0.88458
0.084537
-0.57451
0.49975
-0.4841
0.23845
0.77825
0.92427
0.58814
1.3779
1.8512
-1.8977
-1.7787
-0.92264
-1.9979
-0.3571
-0.3364
0.25043
0.28616
-0.68617
-0.81331
0.7934
-0.38195
-1.3712
0.010307
0.20413
-0.41103
0.66356
0.22578
-0.21284
-0.044035
0.45818
-0.44142
-1.0549
-0.15558
0.12915
0.50943
-0.030124
-0.45736
0.59634
-0.11353
0.80702
-0.089803
-0.0062921
-0.091861
-0.92124
-0.92695
-0.96122
1.7848
-0.20019
0.94041
0.34916
1.8593
0.92707
-1.227
-0.32724
0.89165
0.28819
2.2652
-0.04789
-1.5519
0.44408
1.5882
2.5494
3.578
2.8082
2.7996
2.3028
2.3536
2.3969
-0.29898
2.8933
3.4902
1.2024
0.97803
3.121
0.99248
0.8206
3.289
1.8457
3.7449
1.2077
1.8856
2.7417
3.0493
2.9676
2.6915
2.2702
1.9208
2.9805
2.1132
2.9216
3.5877
0.25067
4.3045
1.8679
3.8165
4.0516
1.0311
2.6769
5.9663
2.2854
2.9863
2.8309
3.7679
3.5905
1.5535
2.0615
2.8432
2.4416
5.035
2.9386
2.9375
1.6623
1.1925
3.2941
2.3027
3.1492
1.6685
3.396
0.68651
4.0667
3.3465
2.6102
1.3389
2.1025
2.7543
3.7078
1.4665
3.7951
5.2681
2.0047
2.9688
1.8427
0.78304
3.9705
3.1941
1.9893
2.6134
2.2702
1.0383
-0.38234
2.4525
2.0375
1.9234
1.654
0.68276
1.9783
2.6614
1.4382
2.9505
2.2272
2.3985
1.0709
1.7356
2.9101
1.7101
2.6616
4.4779
3.2953
3.5374
4.8603
3.6754
2.8977
4.4512
1.5953
1.8178
4.5183
2.9543
2.4579
2.9582
2.2359
2.208
2.1132
1.946
1.5563
2.4402
1.9253
3.9419
2.7355
3.5214
2.3602
2.4184
3.7582
3.9685
2.5329
4.1925
2.9757
2.8685
4.692
4.0357
3.4073
2.9023
1.9616
2.3848
4.322
0.47849
1.863
2.3112
2.6483
0.71612
3.0291
3.2297
1.5599
2.2407
1.2865
4.1245
2.8735
2.2491
1.5745
2.5987
4.1843
2.7753
2.8533
1.2996
2.6661
3.2762
1.1186
3.6283
4.9654
0.94208
0.43335
2.4274
3.2591
2.4183
2.3415
2.5065
1.4354
0.85608
4.0815
2.7926
1.3124
3.5759
1.2026
2.3782
3.2408
1.6593
2.1505
2.5296
4.4524
2.959
2.1007
2.2746
2.2197
3.8067
2.2156
1.7083
2.7406
2.4054
3.2932
3.4594
3.5871
3.1472
3.1326
4.4033
1.34
2.1527
0.80494
3.4194
2.5215
2.2007
0.77898
2.6834
2.2403
1.1452
1.3426
1.738
2.2497
0.85124
2.318
3.1157
2.1233
1.802
2.8041
3.6011
2.0534
2.0333
1.0642
1.5223
3.1059
2.3863
3.2646
3.1699
2.8758
3.2667
4.0235
3.0768
2.926
2.4571
1.2577
1.995
2.8259
1.3886
2.9682
2.8226
2.6
2.8014
2.5238
2.4779
2.4912
3.4295
2.4096
-0.14115
2.0139
2.696
3.4597
3.8803
1.5585
3.2609
2.7379
2.2916
2.5247
2.4719
2.6404
2.7376
1.8285
1.455
3.4658
2.2802
3.9145
1.5758
1.9059
3.9213
3.9076
1.471
2.7065
3.8411
3.8327
1.2151
4.1184
3.1616
2.7273
2.2744
1.534
2.595
2.2433
4.8101
2.6901
2.3266
2.486
1.8873
4.5718
3.137
2.5749
3.6233
2.4669
2.4023
1.9434
1.8845
4.1046
3.2685
2.5869
4.2044
2.5236
2.79
1.0801
2.9753
1.0527
1.5117
3.4494
2.8512
1.6277
2.1019
2.7564
2.72
0.78856
1.2942
0.72709
2.4275
0.77889
3.2019
1.4945
1.3936
4.2906
4.6624
1.6807
2.463
4.463
1.9597
4.2175
3.3198
2.5555
2.1469
4.1931
3.2111
1.8672
2.8927
1.622
2.6489
4.0319
3.0318
1.7403
2.848
1.8022
4.5193
0.7063
1.8405
3.2715
1.6797
2.5179
3.1545
3.7577
1.5729
2.3301
2.0283
2.3858
2.8695
1.8814
3.3001
2.9267
2.0277
2.776
3.4842
3.4931
3.1682
2.435
1.8799
2.7241
2.0339
2.1679
3.4248
3.947
3.0958
4.5533
0.97075
2.5227
2.5953
4.1145
3.0013
2.1762
3.0542
3.1424
2.6826
0.47252
3.5231
-0.99154
2.6095
0.94867
2.1449
3.8986
1.9865
4.4172
3.2784
2.2535
1.5965
2.0041
2.8745
0.12947
3.1151
2.7795
3.3189
4.5475
2.1763
1.5195
3.6796
3.3946
2.3571
1.9065
2.7489
1.3702
2.5661
1.8621
1.6807
3.468
2.5303
3.8511
1.4136
2.7403
1.4538
3.1187
3.805
3.5235
0.38462
3.1817
2.5087
2.8343
1.9526
0.84902
3.3928
1.9929
2.1702
2.6684
5.0367
4.7936
1.1813
2.0259
3.4874
0.42697
3.744
2.1848
3.8993
1.6201
1.5775
4.8144
3.088
2.1902
1.467
3.6034
2.8421
0.23601
1.5967
5.47
2.4882
0.50046
1.612
2.0801
3.1946
2.3372
2.6016
2.4821
1.5397
3.6728
2.1347
2.0366
2.695
2.4331
1.9785
2.6271
4.613
3.0413
1.8449
1.6305
2.2611
0.92401
4.3258
2.7043
1.3366
2.6206
1.0565
3.0823
2.3185
2.542
2.8618
3.3537
1.6902
1.0329
2.3961
1.6771
2.925
0.64532
3.3586
2.8064
1.3884
2.1828
3.3379
4.9265
2.1489
3.882
1.6393
2.7069
2.2925
2.8403
2.0019
1.0786
2.2292
2.9397
1.9939
2.3157
2.902
3.0392
1.7664
2.2316
